10, , 19
32, , 91
36, , 5
40, , 3
41, , 3
44, , 35
45, , 9
46, , 21
47, , 5
48, , 19
49, , 12
50, , 22
51, , 4
53, , 4
55, , 4
56, , 3
57, , 5
58, , 2
64, , 1
65, A, 37
67, C, 31
68, D, 12
69, E, 3
70, F, 3
71, G, 5
72, H, 2
73, I, 4
74, J, 1
76, L, 3
77, M, 13
79, O, 3
80, P, 14
82, R, 12
83, S, 20
84, T, 15
85, U, 1
87, W, 7
97, a, -10
98, b, 45
99, c, -119
100, d, 106
101, e, -106
102, f, 59
103, g, 68
104, h, -124
105, i, 4
107, k, 9
108, l, -82
109, m, 102
110, n, -10
111, o, -12
112, p, 95
113, q, 3
114, r, -66
115, s, -49
116, t, 21
117, u, 83
118, v, 33
119, w, 48
120, x, 5
121, y, 38
122, z, 4
128, , 24
148, , 4
152, , 1
153, , 7
156, , 6
157, , 6
226, , 24
