10, , 60
32, , 68
34, , 2
36, , 1
38, , 1
39, , 3
40, , 3
41, , 3
44, , -127
45, , 11
46, , 72
47, , 1
48, , 21
49, , 17
50, , 7
51, , 3
53, , 1
54, , 3
56, , 8
57, , 13
58, , 10
59, , 2
65, A, 46
66, B, 30
67, C, 35
68, D, 7
69, E, 13
70, F, 9
71, G, 15
72, H, 23
73, I, 43
74, J, 2
75, K, 1
76, L, 30
77, M, 24
78, N, 13
79, O, 3
80, P, 14
81, Q, 1
82, R, 12
83, S, 11
84, T, 35
85, U, 9
86, V, 6
87, W, 4
89, Y, 7
97, a, -47
98, b, 83
99, c, 65
100, d, 56
101, e, 42
102, f, -99
103, g, -11
104, h, 68
105, i, -42
106, j, 9
107, k, 76
108, l, 87
109, m, -69
110, n, 110
111, o, -96
112, p, -32
113, q, 7
114, r, 63
115, s, -7
116, t, -48
117, u, -11
118, v, 100
119, w, 126
120, x, 15
121, y, 91
122, z, 10
128, , 34
148, , 4
153, , 6
156, , 12
157, , 12
169, , 1
195, , 1
226, , 34
