10,  , 34
32,  , 1044
36,  , 1
37,  , 1
40,  , 8
41,  , 8
44,  , 73
45,  , 14
46,  , 55
48,  , 25
49,  , 20
50,  , 13
51,  , 1
52,  , 4
53,  , 1
54,  , 8
55,  , 3
56,  , 5
57,  , 11
58,  , 2
65, A, 59
66, B, 18
67, C, 57
68, D, 8
69, E, 29
70, F, 7
71, G, 5
72, H, 25
73, I, 35
74, J, 6
75, K, 4
76, L, 6
77, M, 37
78, N, 10
79, O, 2
80, P, 34
81, Q, 2
82, R, 20
83, S, 46
84, T, 23
85, U, 8
86, V, 5
87, W, 3
89, Y, 3
97, a, 416
98, b, 41
99, c, 233
100, d, 228
101, e, 651
102, f, 136
103, g, 88
104, h, 200
105, i, 426
106, j, 3
107, k, 34
108, l, 152
109, m, 138
110, n, 454
111, o, 445
112, p, 118
113, q, 5
114, r, 408
115, s, 362
116, t, 481
117, u, 140
118, v, 51
119, w, 59
120, x, 10
121, y, 91
122, z, 8
128,  , 24
147,  , 1
148,  , 2
153,  , 13
156,  , 4
157,  , 4
226,  , 24
