-4972
-4954
-4931
-4908
-4892
-4889
-4876
-4866
-4860
-4859
-4846
-4843
-4824
-4822
-4806
-4798
-4788
-4772
-4767
-4765
-4744
-4732
-4698
-4679
-4663
-4663
-4629
-4624
-4589
-4586
-4580
-4562
-4546
-4526
-4506
-4505
-4489
-4482
-4466
-4442
-4441
-4415
-4414
-4385
-4367
-4339
-4330
-4328
-4313
-4274
-4265
-4255
-4250
-4231
-4214
-4193
-4177
-4177
-4173
-4166
-4111
-4107
-4106
-4083
-4059
-4056
-4054
-4051
-4047
-4043
-4042
-4039
-4038
-4024
-3896
-3874
-3842
-3835
-3819
-3787
-3772
-3735
-3728
-3723
-3685
-3684
-3683
-3637
-3633
-3628
-3588
-3575
-3546
-3540
-3533
-3530
-3525
-3500
-3483
-3478
-3462
-3400
-3356
-3339
-3326
-3325
-3307
-3286
-3272
-3266
-3240
-3212
-3104
-3091
-3073
-3014
-3005
-2995
-2966
-2886
-2880
-2861
-2846
-2842
-2815
-2813
-2802
-2795
-2621
-2592
-2565
-2563
-2530
-2530
-2523
-2499
-2475
-2471
-2459
-2445
-2434
-2432
-2404
-2371
-2363
-2353
-2332
-2309
-2297
-2286
-2286
-2285
-2283
-2229
-2174
-2173
-2173
-2171
-2164
-2147
-2127
-2115
-2109
-2109
-2104
-2099
-2079
-2066
-2028
-1986
-1970
-1968
-1930
-1926
-1905
-1879
-1826
-1807
-1799
-1795
-1782
-1728
-1726
-1711
-1696
-1688
-1675
-1670
-1646
-1642
-1579
-1574
-1555
-1516
-1512
-1505
-1373
-1339
-1299
-1292
-1277
-1256
-1215
-1202
-1199
-1174
-1117
-1062
-1062
-1012
-1007
-961
-960
-944
-928
-849
-811
-769
-742
-703
-693
-643
-609
-568
-539
-528
-507
-488
-480
-456
-447
-435
-416
-336
-336
-321
-297
-196
-189
-180
-145
-120
-108
-89
2
7
12
15
20
25
46
77
100
112
144
148
148
166
197
226
241
241
256
256
272
290
309
316
316
341
341
343
364
368
384
421
434
435
442
463
465
482
487
488
526
529
591
621
628
650
679
687
703
732
773
777
784
786
790
824
827
842
850
871
905
916
937
942
961
991
995
1003
1011
1012
1018
1041
1048
1079
1101
1102
1104
1135
1203
1206
1219
1240
1270
1272
1321
1372
1377
1397
1444
1445
1520
1520
1545
1558
1558
1589
1596
1613
1630
1646
1665
1682
1687
1690
1726
1744
1774
1818
1828
1851
1852
1854
1857
1871
1873
1926
2010
2017
2030
2061
2064
2106
2118
2141
2150
2182
2199
2202
2215
2226
2244
2309
2322
2336
2340
2373
2397
2448
2493
2499
2509
2535
2568
2579
2579
2587
2605
2645
2660
2660
2662
2664
2669
2714
2715
2770
2775
2800
2816
2832
2834
2911
2931
2957
2974
2987
3005
3017
3069
3071
3072
3083
3093
3096
3098
3111
3117
3180
3184
3189
3226
3257
3267
3297
3326
3327
3336
3357
3370
3380
3449
3467
3524
3539
3542
3574
3584
3599
3603
3626
3660
3663
3674
3694
3702
3722
3768
3782
3808
3819
3824
3857
3954
3964
3975
4013
4018
4030
4032
4064
4085
4090
4111
4142
4144
4223
4223
4224
4225
4244
4254
4272
4277
4293
4297
4315
4327
4329
4329
4348
4399
4405
4432
4437
4440
4508
4516
4575
4598
4614
4650
4657
4716
4740
4784
4817
4832
4854
4860
4868
4887
4892
4900
4920
4975
4976
4978
4999
