-4954
-4892
-4866
-4846
-4767
-4744
-4698
-4629
-4624
-4526
-4482
-4442
-4414
-4328
-4255
-4166
-4107
-4106
-4054
-4039
-3896
-3735
-3723
-3685
-3684
-3637
-3628
-3588
-3575
-3533
-3530
-3462
-3286
-3212
-3014
-2861
-2846
-2565
-2353
-2332
-2174
-2028
-1905
-1728
-1646
-1555
-1299
-849
-539
-447
-297
2
15
197
226
272
309
343
463
465
488
628
687
824
827
961
1041
1104
1372
1520
1665
1690
1926
2061
2106
2202
2336
2340
2448
2509
2645
2664
2816
2957
3069
3098
3111
3226
3326
3574
3599
3660
3674
3782
3857
4013
4064
4090
4111
4224
4225
4315
4598
4650
4784
4854
4887
4975
4976
