2 3 4 5 6 A 
2 3 4 5 A 6 
2 3 4 A 5 6 
2 3 A 4 5 6 
2 A 3 4 5 6 
3 4 5 6 A 2 
3 4 5 A 2 6 
3 4 5 A 6 2 
3 4 A 2 5 6 
3 4 A 5 2 6 
3 4 A 5 6 2 
3 A 2 4 5 6 
3 A 4 2 5 6 
3 A 4 5 2 6 
3 A 4 5 6 2 
4 5 6 A 2 3 
4 5 A 2 3 6 
4 5 A 2 6 3 
4 5 A 6 2 3 
4 A 2 3 5 6 
4 A 2 5 3 6 
4 A 2 5 6 3 
4 A 5 2 3 6 
4 A 5 2 6 3 
4 A 5 6 2 3 
5 6 A 2 3 4 
5 A 2 3 4 6 
5 A 2 3 6 4 
5 A 2 6 3 4 
5 A 6 2 3 4 
6 A 2 3 4 5 
A 2 3 4 5 6 
A 2 3 4 5 6 
A 2 3 4 5 6 
A 2 3 4 5 6 
A 2 3 4 5 6 
A 2 3 4 6 5 
A 2 3 5 4 6 
A 2 3 5 6 4 
A 2 3 6 4 5 
A 2 4 3 5 6 
A 2 4 5 3 6 
A 2 4 5 6 3 
A 2 5 3 4 6 
A 2 5 3 6 4 
A 2 5 6 3 4 
A 2 6 3 4 5 
A 3 2 4 5 6 
A 3 4 2 5 6 
A 3 4 5 2 6 
A 3 4 5 6 2 
A 4 2 3 5 6 
A 4 2 5 3 6 
A 4 2 5 6 3 
A 4 5 2 3 6 
A 4 5 2 6 3 
A 4 5 6 2 3 
A 5 2 3 4 6 
A 5 2 3 6 4 
A 5 2 6 3 4 
A 5 6 2 3 4 
A 6 2 3 4 5 
