2 3 4 5 6 7 8 9 A 
2 3 4 5 6 7 8 A 9 
2 3 4 5 6 7 A 8 9 
2 3 4 5 6 A 7 8 9 
2 3 4 5 A 6 7 8 9 
2 3 4 A 5 6 7 8 9 
2 3 A 4 5 6 7 8 9 
2 A 3 4 5 6 7 8 9 
3 4 5 6 7 8 9 A 2 
3 4 5 6 7 8 A 2 9 
3 4 5 6 7 8 A 9 2 
3 4 5 6 7 A 2 8 9 
3 4 5 6 7 A 8 2 9 
3 4 5 6 7 A 8 9 2 
3 4 5 6 A 2 7 8 9 
3 4 5 6 A 7 2 8 9 
3 4 5 6 A 7 8 2 9 
3 4 5 6 A 7 8 9 2 
3 4 5 A 2 6 7 8 9 
3 4 5 A 6 2 7 8 9 
3 4 5 A 6 7 2 8 9 
3 4 5 A 6 7 8 2 9 
3 4 5 A 6 7 8 9 2 
3 4 A 2 5 6 7 8 9 
3 4 A 5 2 6 7 8 9 
3 4 A 5 6 2 7 8 9 
3 4 A 5 6 7 2 8 9 
3 4 A 5 6 7 8 2 9 
3 4 A 5 6 7 8 9 2 
3 A 2 4 5 6 7 8 9 
3 A 4 2 5 6 7 8 9 
3 A 4 5 2 6 7 8 9 
3 A 4 5 6 2 7 8 9 
3 A 4 5 6 7 2 8 9 
3 A 4 5 6 7 8 2 9 
3 A 4 5 6 7 8 9 2 
4 5 6 7 8 9 A 2 3 
4 5 6 7 8 A 2 3 9 
4 5 6 7 8 A 2 9 3 
4 5 6 7 8 A 9 2 3 
4 5 6 7 A 2 3 8 9 
4 5 6 7 A 2 8 3 9 
4 5 6 7 A 2 8 9 3 
4 5 6 7 A 8 2 3 9 
4 5 6 7 A 8 2 9 3 
4 5 6 7 A 8 9 2 3 
4 5 6 A 2 3 7 8 9 
4 5 6 A 2 7 3 8 9 
4 5 6 A 2 7 8 3 9 
4 5 6 A 2 7 8 9 3 
4 5 6 A 7 2 3 8 9 
4 5 6 A 7 2 8 3 9 
4 5 6 A 7 2 8 9 3 
4 5 6 A 7 8 2 3 9 
4 5 6 A 7 8 2 9 3 
4 5 6 A 7 8 9 2 3 
4 5 A 2 3 6 7 8 9 
4 5 A 2 6 3 7 8 9 
4 5 A 2 6 7 3 8 9 
4 5 A 2 6 7 8 3 9 
4 5 A 2 6 7 8 9 3 
4 5 A 6 2 3 7 8 9 
4 5 A 6 2 7 3 8 9 
4 5 A 6 2 7 8 3 9 
4 5 A 6 2 7 8 9 3 
4 5 A 6 7 2 3 8 9 
4 5 A 6 7 2 8 3 9 
4 5 A 6 7 2 8 9 3 
4 5 A 6 7 8 2 3 9 
4 5 A 6 7 8 2 9 3 
4 5 A 6 7 8 9 2 3 
4 A 2 3 5 6 7 8 9 
4 A 2 5 3 6 7 8 9 
4 A 2 5 6 3 7 8 9 
4 A 2 5 6 7 3 8 9 
4 A 2 5 6 7 8 3 9 
4 A 2 5 6 7 8 9 3 
4 A 5 2 3 6 7 8 9 
4 A 5 2 6 3 7 8 9 
4 A 5 2 6 7 3 8 9 
4 A 5 2 6 7 8 3 9 
4 A 5 2 6 7 8 9 3 
4 A 5 6 2 3 7 8 9 
4 A 5 6 2 7 3 8 9 
4 A 5 6 2 7 8 3 9 
4 A 5 6 2 7 8 9 3 
4 A 5 6 7 2 3 8 9 
4 A 5 6 7 2 8 3 9 
4 A 5 6 7 2 8 9 3 
4 A 5 6 7 8 2 3 9 
4 A 5 6 7 8 2 9 3 
4 A 5 6 7 8 9 2 3 
5 6 7 8 9 A 2 3 4 
5 6 7 8 A 2 3 4 9 
5 6 7 8 A 2 3 9 4 
5 6 7 8 A 2 9 3 4 
5 6 7 8 A 9 2 3 4 
5 6 7 A 2 3 4 8 9 
5 6 7 A 2 3 8 4 9 
5 6 7 A 2 3 8 9 4 
5 6 7 A 2 8 3 4 9 
5 6 7 A 2 8 3 9 4 
5 6 7 A 2 8 9 3 4 
5 6 7 A 8 2 3 4 9 
5 6 7 A 8 2 3 9 4 
5 6 7 A 8 2 9 3 4 
5 6 7 A 8 9 2 3 4 
5 6 A 2 3 4 7 8 9 
5 6 A 2 3 7 4 8 9 
5 6 A 2 3 7 8 4 9 
5 6 A 2 3 7 8 9 4 
5 6 A 2 7 3 4 8 9 
5 6 A 2 7 3 8 4 9 
5 6 A 2 7 3 8 9 4 
5 6 A 2 7 8 3 4 9 
5 6 A 2 7 8 3 9 4 
5 6 A 2 7 8 9 3 4 
5 6 A 7 2 3 4 8 9 
5 6 A 7 2 3 8 4 9 
5 6 A 7 2 3 8 9 4 
5 6 A 7 2 8 3 4 9 
5 6 A 7 2 8 3 9 4 
5 6 A 7 2 8 9 3 4 
5 6 A 7 8 2 3 4 9 
5 6 A 7 8 2 3 9 4 
5 6 A 7 8 2 9 3 4 
5 6 A 7 8 9 2 3 4 
5 A 2 3 4 6 7 8 9 
5 A 2 3 6 4 7 8 9 
5 A 2 3 6 7 4 8 9 
5 A 2 3 6 7 8 4 9 
5 A 2 3 6 7 8 9 4 
5 A 2 6 3 4 7 8 9 
5 A 2 6 3 7 4 8 9 
5 A 2 6 3 7 8 4 9 
5 A 2 6 3 7 8 9 4 
5 A 2 6 7 3 4 8 9 
5 A 2 6 7 3 8 4 9 
5 A 2 6 7 3 8 9 4 
5 A 2 6 7 8 3 4 9 
5 A 2 6 7 8 3 9 4 
5 A 2 6 7 8 9 3 4 
5 A 6 2 3 4 7 8 9 
5 A 6 2 3 7 4 8 9 
5 A 6 2 3 7 8 4 9 
5 A 6 2 3 7 8 9 4 
5 A 6 2 7 3 4 8 9 
5 A 6 2 7 3 8 4 9 
5 A 6 2 7 3 8 9 4 
5 A 6 2 7 8 3 4 9 
5 A 6 2 7 8 3 9 4 
5 A 6 2 7 8 9 3 4 
5 A 6 7 2 3 4 8 9 
5 A 6 7 2 3 8 4 9 
5 A 6 7 2 3 8 9 4 
5 A 6 7 2 8 3 4 9 
5 A 6 7 2 8 3 9 4 
5 A 6 7 2 8 9 3 4 
5 A 6 7 8 2 3 4 9 
5 A 6 7 8 2 3 9 4 
5 A 6 7 8 2 9 3 4 
5 A 6 7 8 9 2 3 4 
6 7 8 9 A 2 3 4 5 
6 7 8 A 2 3 4 5 9 
6 7 8 A 2 3 4 9 5 
6 7 8 A 2 3 9 4 5 
6 7 8 A 2 9 3 4 5 
6 7 8 A 9 2 3 4 5 
6 7 A 2 3 4 5 8 9 
6 7 A 2 3 4 8 5 9 
6 7 A 2 3 4 8 9 5 
6 7 A 2 3 8 4 5 9 
6 7 A 2 3 8 4 9 5 
6 7 A 2 3 8 9 4 5 
6 7 A 2 8 3 4 5 9 
6 7 A 2 8 3 4 9 5 
6 7 A 2 8 3 9 4 5 
6 7 A 2 8 9 3 4 5 
6 7 A 8 2 3 4 5 9 
6 7 A 8 2 3 4 9 5 
6 7 A 8 2 3 9 4 5 
6 7 A 8 2 9 3 4 5 
6 7 A 8 9 2 3 4 5 
6 A 2 3 4 5 7 8 9 
6 A 2 3 4 7 5 8 9 
6 A 2 3 4 7 8 5 9 
6 A 2 3 4 7 8 9 5 
6 A 2 3 7 4 5 8 9 
6 A 2 3 7 4 8 5 9 
6 A 2 3 7 4 8 9 5 
6 A 2 3 7 8 4 5 9 
6 A 2 3 7 8 4 9 5 
6 A 2 3 7 8 9 4 5 
6 A 2 7 3 4 5 8 9 
6 A 2 7 3 4 8 5 9 
6 A 2 7 3 4 8 9 5 
6 A 2 7 3 8 4 5 9 
6 A 2 7 3 8 4 9 5 
6 A 2 7 3 8 9 4 5 
6 A 2 7 8 3 4 5 9 
6 A 2 7 8 3 4 9 5 
6 A 2 7 8 3 9 4 5 
6 A 2 7 8 9 3 4 5 
6 A 7 2 3 4 5 8 9 
6 A 7 2 3 4 8 5 9 
6 A 7 2 3 4 8 9 5 
6 A 7 2 3 8 4 5 9 
6 A 7 2 3 8 4 9 5 
6 A 7 2 3 8 9 4 5 
6 A 7 2 8 3 4 5 9 
6 A 7 2 8 3 4 9 5 
6 A 7 2 8 3 9 4 5 
6 A 7 2 8 9 3 4 5 
6 A 7 8 2 3 4 5 9 
6 A 7 8 2 3 4 9 5 
6 A 7 8 2 3 9 4 5 
6 A 7 8 2 9 3 4 5 
6 A 7 8 9 2 3 4 5 
7 8 9 A 2 3 4 5 6 
7 8 A 2 3 4 5 6 9 
7 8 A 2 3 4 5 9 6 
7 8 A 2 3 4 9 5 6 
7 8 A 2 3 9 4 5 6 
7 8 A 2 9 3 4 5 6 
7 8 A 9 2 3 4 5 6 
7 A 2 3 4 5 6 8 9 
7 A 2 3 4 5 8 6 9 
7 A 2 3 4 5 8 9 6 
7 A 2 3 4 8 5 6 9 
7 A 2 3 4 8 5 9 6 
7 A 2 3 4 8 9 5 6 
7 A 2 3 8 4 5 6 9 
7 A 2 3 8 4 5 9 6 
7 A 2 3 8 4 9 5 6 
7 A 2 3 8 9 4 5 6 
7 A 2 8 3 4 5 6 9 
7 A 2 8 3 4 5 9 6 
7 A 2 8 3 4 9 5 6 
7 A 2 8 3 9 4 5 6 
7 A 2 8 9 3 4 5 6 
7 A 8 2 3 4 5 6 9 
7 A 8 2 3 4 5 9 6 
7 A 8 2 3 4 9 5 6 
7 A 8 2 3 9 4 5 6 
7 A 8 2 9 3 4 5 6 
7 A 8 9 2 3 4 5 6 
8 9 A 2 3 4 5 6 7 
8 A 2 3 4 5 6 7 9 
8 A 2 3 4 5 6 9 7 
8 A 2 3 4 5 9 6 7 
8 A 2 3 4 9 5 6 7 
8 A 2 3 9 4 5 6 7 
8 A 2 9 3 4 5 6 7 
8 A 9 2 3 4 5 6 7 
9 A 2 3 4 5 6 7 8 
A 2 3 4 5 6 7 8 9 
A 2 3 4 5 6 7 8 9 
A 2 3 4 5 6 7 8 9 
A 2 3 4 5 6 7 8 9 
A 2 3 4 5 6 7 8 9 
A 2 3 4 5 6 7 8 9 
A 2 3 4 5 6 7 8 9 
A 2 3 4 5 6 7 8 9 
A 2 3 4 5 6 7 9 8 
A 2 3 4 5 6 8 7 9 
A 2 3 4 5 6 8 9 7 
A 2 3 4 5 6 9 7 8 
A 2 3 4 5 7 6 8 9 
A 2 3 4 5 7 8 6 9 
A 2 3 4 5 7 8 9 6 
A 2 3 4 5 8 6 7 9 
A 2 3 4 5 8 6 9 7 
A 2 3 4 5 8 9 6 7 
A 2 3 4 5 9 6 7 8 
A 2 3 4 6 5 7 8 9 
A 2 3 4 6 7 5 8 9 
A 2 3 4 6 7 8 5 9 
A 2 3 4 6 7 8 9 5 
A 2 3 4 7 5 6 8 9 
A 2 3 4 7 5 8 6 9 
A 2 3 4 7 5 8 9 6 
A 2 3 4 7 8 5 6 9 
A 2 3 4 7 8 5 9 6 
A 2 3 4 7 8 9 5 6 
A 2 3 4 8 5 6 7 9 
A 2 3 4 8 5 6 9 7 
A 2 3 4 8 5 9 6 7 
A 2 3 4 8 9 5 6 7 
A 2 3 4 9 5 6 7 8 
A 2 3 5 4 6 7 8 9 
A 2 3 5 6 4 7 8 9 
A 2 3 5 6 7 4 8 9 
A 2 3 5 6 7 8 4 9 
A 2 3 5 6 7 8 9 4 
A 2 3 6 4 5 7 8 9 
A 2 3 6 4 7 5 8 9 
A 2 3 6 4 7 8 5 9 
A 2 3 6 4 7 8 9 5 
A 2 3 6 7 4 5 8 9 
A 2 3 6 7 4 8 5 9 
A 2 3 6 7 4 8 9 5 
A 2 3 6 7 8 4 5 9 
A 2 3 6 7 8 4 9 5 
A 2 3 6 7 8 9 4 5 
A 2 3 7 4 5 6 8 9 
A 2 3 7 4 5 8 6 9 
A 2 3 7 4 5 8 9 6 
A 2 3 7 4 8 5 6 9 
A 2 3 7 4 8 5 9 6 
A 2 3 7 4 8 9 5 6 
A 2 3 7 8 4 5 6 9 
A 2 3 7 8 4 5 9 6 
A 2 3 7 8 4 9 5 6 
A 2 3 7 8 9 4 5 6 
A 2 3 8 4 5 6 7 9 
A 2 3 8 4 5 6 9 7 
A 2 3 8 4 5 9 6 7 
A 2 3 8 4 9 5 6 7 
A 2 3 8 9 4 5 6 7 
A 2 3 9 4 5 6 7 8 
A 2 4 3 5 6 7 8 9 
A 2 4 5 3 6 7 8 9 
A 2 4 5 6 3 7 8 9 
A 2 4 5 6 7 3 8 9 
A 2 4 5 6 7 8 3 9 
A 2 4 5 6 7 8 9 3 
A 2 5 3 4 6 7 8 9 
A 2 5 3 6 4 7 8 9 
A 2 5 3 6 7 4 8 9 
A 2 5 3 6 7 8 4 9 
A 2 5 3 6 7 8 9 4 
A 2 5 6 3 4 7 8 9 
A 2 5 6 3 7 4 8 9 
A 2 5 6 3 7 8 4 9 
A 2 5 6 3 7 8 9 4 
A 2 5 6 7 3 4 8 9 
A 2 5 6 7 3 8 4 9 
A 2 5 6 7 3 8 9 4 
A 2 5 6 7 8 3 4 9 
A 2 5 6 7 8 3 9 4 
A 2 5 6 7 8 9 3 4 
A 2 6 3 4 5 7 8 9 
A 2 6 3 4 7 5 8 9 
A 2 6 3 4 7 8 5 9 
A 2 6 3 4 7 8 9 5 
A 2 6 3 7 4 5 8 9 
A 2 6 3 7 4 8 5 9 
A 2 6 3 7 4 8 9 5 
A 2 6 3 7 8 4 5 9 
A 2 6 3 7 8 4 9 5 
A 2 6 3 7 8 9 4 5 
A 2 6 7 3 4 5 8 9 
A 2 6 7 3 4 8 5 9 
A 2 6 7 3 4 8 9 5 
A 2 6 7 3 8 4 5 9 
A 2 6 7 3 8 4 9 5 
A 2 6 7 3 8 9 4 5 
A 2 6 7 8 3 4 5 9 
A 2 6 7 8 3 4 9 5 
A 2 6 7 8 3 9 4 5 
A 2 6 7 8 9 3 4 5 
A 2 7 3 4 5 6 8 9 
A 2 7 3 4 5 8 6 9 
A 2 7 3 4 5 8 9 6 
A 2 7 3 4 8 5 6 9 
A 2 7 3 4 8 5 9 6 
A 2 7 3 4 8 9 5 6 
A 2 7 3 8 4 5 6 9 
A 2 7 3 8 4 5 9 6 
A 2 7 3 8 4 9 5 6 
A 2 7 3 8 9 4 5 6 
A 2 7 8 3 4 5 6 9 
A 2 7 8 3 4 5 9 6 
A 2 7 8 3 4 9 5 6 
A 2 7 8 3 9 4 5 6 
A 2 7 8 9 3 4 5 6 
A 2 8 3 4 5 6 7 9 
A 2 8 3 4 5 6 9 7 
A 2 8 3 4 5 9 6 7 
A 2 8 3 4 9 5 6 7 
A 2 8 3 9 4 5 6 7 
A 2 8 9 3 4 5 6 7 
A 2 9 3 4 5 6 7 8 
A 3 2 4 5 6 7 8 9 
A 3 4 2 5 6 7 8 9 
A 3 4 5 2 6 7 8 9 
A 3 4 5 6 2 7 8 9 
A 3 4 5 6 7 2 8 9 
A 3 4 5 6 7 8 2 9 
A 3 4 5 6 7 8 9 2 
A 4 2 3 5 6 7 8 9 
A 4 2 5 3 6 7 8 9 
A 4 2 5 6 3 7 8 9 
A 4 2 5 6 7 3 8 9 
A 4 2 5 6 7 8 3 9 
A 4 2 5 6 7 8 9 3 
A 4 5 2 3 6 7 8 9 
A 4 5 2 6 3 7 8 9 
A 4 5 2 6 7 3 8 9 
A 4 5 2 6 7 8 3 9 
A 4 5 2 6 7 8 9 3 
A 4 5 6 2 3 7 8 9 
A 4 5 6 2 7 3 8 9 
A 4 5 6 2 7 8 3 9 
A 4 5 6 2 7 8 9 3 
A 4 5 6 7 2 3 8 9 
A 4 5 6 7 2 8 3 9 
A 4 5 6 7 2 8 9 3 
A 4 5 6 7 8 2 3 9 
A 4 5 6 7 8 2 9 3 
A 4 5 6 7 8 9 2 3 
A 5 2 3 4 6 7 8 9 
A 5 2 3 6 4 7 8 9 
A 5 2 3 6 7 4 8 9 
A 5 2 3 6 7 8 4 9 
A 5 2 3 6 7 8 9 4 
A 5 2 6 3 4 7 8 9 
A 5 2 6 3 7 4 8 9 
A 5 2 6 3 7 8 4 9 
A 5 2 6 3 7 8 9 4 
A 5 2 6 7 3 4 8 9 
A 5 2 6 7 3 8 4 9 
A 5 2 6 7 3 8 9 4 
A 5 2 6 7 8 3 4 9 
A 5 2 6 7 8 3 9 4 
A 5 2 6 7 8 9 3 4 
A 5 6 2 3 4 7 8 9 
A 5 6 2 3 7 4 8 9 
A 5 6 2 3 7 8 4 9 
A 5 6 2 3 7 8 9 4 
A 5 6 2 7 3 4 8 9 
A 5 6 2 7 3 8 4 9 
A 5 6 2 7 3 8 9 4 
A 5 6 2 7 8 3 4 9 
A 5 6 2 7 8 3 9 4 
A 5 6 2 7 8 9 3 4 
A 5 6 7 2 3 4 8 9 
A 5 6 7 2 3 8 4 9 
A 5 6 7 2 3 8 9 4 
A 5 6 7 2 8 3 4 9 
A 5 6 7 2 8 3 9 4 
A 5 6 7 2 8 9 3 4 
A 5 6 7 8 2 3 4 9 
A 5 6 7 8 2 3 9 4 
A 5 6 7 8 2 9 3 4 
A 5 6 7 8 9 2 3 4 
A 6 2 3 4 5 7 8 9 
A 6 2 3 4 7 5 8 9 
A 6 2 3 4 7 8 5 9 
A 6 2 3 4 7 8 9 5 
A 6 2 3 7 4 5 8 9 
A 6 2 3 7 4 8 5 9 
A 6 2 3 7 4 8 9 5 
A 6 2 3 7 8 4 5 9 
A 6 2 3 7 8 4 9 5 
A 6 2 3 7 8 9 4 5 
A 6 2 7 3 4 5 8 9 
A 6 2 7 3 4 8 5 9 
A 6 2 7 3 4 8 9 5 
A 6 2 7 3 8 4 5 9 
A 6 2 7 3 8 4 9 5 
A 6 2 7 3 8 9 4 5 
A 6 2 7 8 3 4 5 9 
A 6 2 7 8 3 4 9 5 
A 6 2 7 8 3 9 4 5 
A 6 2 7 8 9 3 4 5 
A 6 7 2 3 4 5 8 9 
A 6 7 2 3 4 8 5 9 
A 6 7 2 3 4 8 9 5 
A 6 7 2 3 8 4 5 9 
A 6 7 2 3 8 4 9 5 
A 6 7 2 3 8 9 4 5 
A 6 7 2 8 3 4 5 9 
A 6 7 2 8 3 4 9 5 
A 6 7 2 8 3 9 4 5 
A 6 7 2 8 9 3 4 5 
A 6 7 8 2 3 4 5 9 
A 6 7 8 2 3 4 9 5 
A 6 7 8 2 3 9 4 5 
A 6 7 8 2 9 3 4 5 
A 6 7 8 9 2 3 4 5 
A 7 2 3 4 5 6 8 9 
A 7 2 3 4 5 8 6 9 
A 7 2 3 4 5 8 9 6 
A 7 2 3 4 8 5 6 9 
A 7 2 3 4 8 5 9 6 
A 7 2 3 4 8 9 5 6 
A 7 2 3 8 4 5 6 9 
A 7 2 3 8 4 5 9 6 
A 7 2 3 8 4 9 5 6 
A 7 2 3 8 9 4 5 6 
A 7 2 8 3 4 5 6 9 
A 7 2 8 3 4 5 9 6 
A 7 2 8 3 4 9 5 6 
A 7 2 8 3 9 4 5 6 
A 7 2 8 9 3 4 5 6 
A 7 8 2 3 4 5 6 9 
A 7 8 2 3 4 5 9 6 
A 7 8 2 3 4 9 5 6 
A 7 8 2 3 9 4 5 6 
A 7 8 2 9 3 4 5 6 
A 7 8 9 2 3 4 5 6 
A 8 2 3 4 5 6 7 9 
A 8 2 3 4 5 6 9 7 
A 8 2 3 4 5 9 6 7 
A 8 2 3 4 9 5 6 7 
A 8 2 3 9 4 5 6 7 
A 8 2 9 3 4 5 6 7 
A 8 9 2 3 4 5 6 7 
A 9 2 3 4 5 6 7 8 
