2
5
11
14
16
20
29
34
45
46
47
51
62
62
66
68
72
75
75
76
77
79
85
94
97
97
105
108
114
116
118
126
126
128
134
143
154
155
167
169
170
170
173
178
181
182
183
189
190
194
195
195
200
201
201
205
217
220
225
227
246
262
263
264
265
266
270
278
279
281
289
290
290
302
314
329
334
335
338
339
345
347
371
372
378
387
388
388
392
394
395
408
411
423
423
430
440
445
456
465
470
479
485
503
503
506
514
521
522
524
528
541
542
552
554
564
565
576
576
577
580
585
592
593
594
598
601
609
613
619
637
639
645
660
667
673
693
695
702
702
703
705
734
738
743
746
746
757
766
774
776
792
803
804
808
812
816
817
821
822
822
826
828
836
839
841
847
855
865
873
877
878
889
890
890
907
908
911
913
914
917
923
929
931
937
942
945
947
951
952
955
960
962
964
969
972
982
986
994
997
