2 3 4 5 6 A 
2 3 4 5 A 6 
2 3 4 6 5 A 
2 3 4 6 A 5 
2 3 4 A 5 6 
2 3 4 A 6 5 
2 3 5 4 6 A 
2 3 5 4 A 6 
2 3 5 6 4 A 
2 3 5 6 A 4 
2 3 5 A 4 6 
2 3 5 A 6 4 
2 3 6 4 5 A 
2 3 6 4 A 5 
2 3 6 5 4 A 
2 3 6 5 A 4 
2 3 6 A 4 5 
2 3 6 A 5 4 
2 3 A 4 5 6 
2 3 A 4 6 5 
2 3 A 5 4 6 
2 3 A 5 6 4 
2 3 A 6 4 5 
2 3 A 6 5 4 
2 4 3 5 6 A 
2 4 3 5 A 6 
2 4 3 6 5 A 
2 4 3 6 A 5 
2 4 3 A 5 6 
2 4 3 A 6 5 
2 4 5 3 6 A 
2 4 5 3 A 6 
2 4 5 6 3 A 
2 4 5 6 A 3 
2 4 5 A 3 6 
2 4 5 A 6 3 
2 4 6 3 5 A 
2 4 6 3 A 5 
2 4 6 5 3 A 
2 4 6 5 A 3 
2 4 6 A 3 5 
2 4 6 A 5 3 
2 4 A 3 5 6 
2 4 A 3 6 5 
2 4 A 5 3 6 
2 4 A 5 6 3 
2 4 A 6 3 5 
2 4 A 6 5 3 
2 5 3 4 6 A 
2 5 3 4 A 6 
2 5 3 6 4 A 
2 5 3 6 A 4 
2 5 3 A 4 6 
2 5 3 A 6 4 
2 5 4 3 6 A 
2 5 4 3 A 6 
2 5 4 6 3 A 
2 5 4 6 A 3 
2 5 4 A 3 6 
2 5 4 A 6 3 
2 5 6 3 4 A 
2 5 6 3 A 4 
2 5 6 4 3 A 
2 5 6 4 A 3 
2 5 6 A 3 4 
2 5 6 A 4 3 
2 5 A 3 4 6 
2 5 A 3 6 4 
2 5 A 4 3 6 
2 5 A 4 6 3 
2 5 A 6 3 4 
2 5 A 6 4 3 
2 6 3 4 5 A 
2 6 3 4 A 5 
2 6 3 5 4 A 
2 6 3 5 A 4 
2 6 3 A 4 5 
2 6 3 A 5 4 
2 6 4 3 5 A 
2 6 4 3 A 5 
2 6 4 5 3 A 
2 6 4 5 A 3 
2 6 4 A 3 5 
2 6 4 A 5 3 
2 6 5 3 4 A 
2 6 5 3 A 4 
2 6 5 A 3 4 
2 6 A 3 4 5 
2 6 A 3 5 4 
2 6 A 4 3 5 
2 6 A 4 5 3 
2 6 A 5 3 4 
2 A 3 4 5 6 
2 A 3 4 6 5 
2 A 3 5 4 6 
2 A 3 5 6 4 
2 A 3 6 4 5 
2 A 3 6 5 4 
2 A 4 3 5 6 
2 A 4 3 6 5 
2 A 4 5 3 6 
2 A 4 5 6 3 
2 A 4 6 3 5 
2 A 4 6 5 3 
2 A 5 3 4 6 
2 A 5 3 6 4 
2 A 5 4 3 6 
2 A 5 4 6 3 
2 A 5 6 3 4 
2 A 5 6 4 3 
2 A 6 3 4 5 
2 A 6 3 5 4 
2 A 6 4 3 5 
2 A 6 4 5 3 
2 A 6 5 3 4 
3 2 4 5 6 A 
3 2 4 5 A 6 
3 2 4 6 5 A 
3 2 4 6 A 5 
3 2 4 A 5 6 
3 2 4 A 6 5 
3 2 5 4 6 A 
3 2 5 4 A 6 
3 2 5 6 4 A 
3 2 5 6 A 4 
3 2 5 A 4 6 
3 2 5 A 6 4 
3 2 6 4 5 A 
3 2 6 4 A 5 
3 2 6 A 4 5 
3 2 A 4 5 6 
3 2 A 4 6 5 
3 2 A 5 4 6 
3 2 A 5 6 4 
3 2 A 6 4 5 
3 4 2 5 6 A 
3 4 2 5 A 6 
3 4 2 6 5 A 
3 4 2 6 A 5 
3 4 2 A 5 6 
3 4 2 A 6 5 
3 4 5 2 6 A 
3 4 5 2 A 6 
3 4 5 6 2 A 
3 4 5 6 A 2 
3 4 5 A 2 6 
3 4 5 A 6 2 
3 4 6 2 5 A 
3 4 6 2 A 5 
3 4 6 5 2 A 
3 4 6 5 A 2 
3 4 6 A 2 5 
3 4 6 A 5 2 
3 4 A 2 5 6 
3 4 A 2 6 5 
3 4 A 5 2 6 
3 4 A 5 6 2 
3 4 A 6 2 5 
3 4 A 6 5 2 
3 5 2 4 6 A 
3 5 2 4 A 6 
3 5 2 6 4 A 
3 5 2 6 A 4 
3 5 2 A 4 6 
3 5 2 A 6 4 
3 5 4 2 6 A 
3 5 4 2 A 6 
3 5 4 6 2 A 
3 5 4 6 A 2 
3 5 4 A 2 6 
3 5 4 A 6 2 
3 5 6 2 4 A 
3 5 6 2 A 4 
3 5 6 4 2 A 
3 5 6 4 A 2 
3 5 6 A 2 4 
3 5 6 A 4 2 
3 5 A 2 4 6 
3 5 A 2 6 4 
3 5 A 4 2 6 
3 5 A 4 6 2 
3 5 A 6 2 4 
3 5 A 6 4 2 
3 6 2 4 5 A 
3 6 2 4 A 5 
3 6 2 A 4 5 
3 6 4 2 5 A 
3 6 4 2 A 5 
3 6 4 5 2 A 
3 6 4 5 A 2 
3 6 4 A 2 5 
3 6 4 A 5 2 
3 6 5 4 A 2 
3 6 5 A 2 4 
3 6 5 A 4 2 
3 6 A 2 4 5 
3 6 A 2 5 4 
3 6 A 4 2 5 
3 6 A 4 5 2 
3 6 A 5 2 4 
3 6 A 5 4 2 
3 A 2 4 5 6 
3 A 2 4 6 5 
3 A 2 5 4 6 
3 A 2 5 6 4 
3 A 2 6 4 5 
3 A 2 6 5 4 
3 A 4 2 5 6 
3 A 4 2 6 5 
3 A 4 5 2 6 
3 A 4 5 6 2 
3 A 4 6 2 5 
3 A 4 6 5 2 
3 A 5 2 4 6 
3 A 5 2 6 4 
3 A 5 4 2 6 
3 A 5 4 6 2 
3 A 5 6 2 4 
3 A 5 6 4 2 
3 A 6 2 4 5 
3 A 6 2 5 4 
3 A 6 4 2 5 
3 A 6 4 5 2 
3 A 6 5 2 4 
3 A 6 5 4 2 
4 2 3 5 6 A 
4 2 3 5 A 6 
4 2 3 6 5 A 
4 2 3 6 A 5 
4 2 3 A 5 6 
4 2 3 A 6 5 
4 2 5 3 6 A 
4 2 5 3 A 6 
4 2 5 6 3 A 
4 2 5 6 A 3 
4 2 5 A 3 6 
4 2 5 A 6 3 
4 2 6 3 5 A 
4 2 6 3 A 5 
4 2 6 5 3 A 
4 2 6 5 A 3 
4 2 6 A 3 5 
4 2 6 A 5 3 
4 2 A 3 5 6 
4 2 A 3 6 5 
4 2 A 5 3 6 
4 2 A 5 6 3 
4 2 A 6 3 5 
4 2 A 6 5 3 
4 3 2 5 6 A 
4 3 2 5 A 6 
4 3 2 A 5 6 
4 3 5 2 6 A 
4 3 5 2 A 6 
4 3 5 6 2 A 
4 3 5 6 A 2 
4 3 5 A 2 6 
4 3 5 A 6 2 
4 3 6 5 A 2 
4 3 6 A 2 5 
4 3 6 A 5 2 
4 3 A 2 5 6 
4 3 A 2 6 5 
4 3 A 5 2 6 
4 3 A 5 6 2 
4 3 A 6 2 5 
4 3 A 6 5 2 
4 5 2 3 6 A 
4 5 2 3 A 6 
4 5 2 6 3 A 
4 5 2 6 A 3 
4 5 2 A 3 6 
4 5 2 A 6 3 
4 5 3 2 6 A 
4 5 3 2 A 6 
4 5 3 6 2 A 
4 5 3 6 A 2 
4 5 3 A 2 6 
4 5 3 A 6 2 
4 5 6 2 3 A 
4 5 6 2 A 3 
4 5 6 3 2 A 
4 5 6 3 A 2 
4 5 6 A 2 3 
4 5 6 A 3 2 
4 5 A 2 3 6 
4 5 A 2 6 3 
4 5 A 3 2 6 
4 5 A 3 6 2 
4 5 A 6 2 3 
4 5 A 6 3 2 
4 6 2 3 5 A 
4 6 2 3 A 5 
4 6 2 5 3 A 
4 6 2 5 A 3 
4 6 2 A 3 5 
4 6 2 A 5 3 
4 6 3 5 A 2 
4 6 3 A 2 5 
4 6 3 A 5 2 
4 6 5 2 3 A 
4 6 5 2 A 3 
4 6 5 3 A 2 
4 6 5 A 2 3 
4 6 5 A 3 2 
4 6 A 2 3 5 
4 6 A 2 5 3 
4 6 A 3 2 5 
4 6 A 3 5 2 
4 6 A 5 2 3 
4 6 A 5 3 2 
4 A 2 3 5 6 
4 A 2 3 6 5 
4 A 2 5 3 6 
4 A 2 5 6 3 
4 A 2 6 3 5 
4 A 2 6 5 3 
4 A 3 2 5 6 
4 A 3 2 6 5 
4 A 3 5 2 6 
4 A 3 5 6 2 
4 A 3 6 2 5 
4 A 3 6 5 2 
4 A 5 2 3 6 
4 A 5 2 6 3 
4 A 5 3 2 6 
4 A 5 3 6 2 
4 A 5 6 2 3 
4 A 5 6 3 2 
4 A 6 2 3 5 
4 A 6 2 5 3 
4 A 6 3 2 5 
4 A 6 3 5 2 
4 A 6 5 2 3 
4 A 6 5 3 2 
5 2 3 4 6 A 
5 2 3 4 A 6 
5 2 3 6 4 A 
5 2 3 6 A 4 
5 2 3 A 4 6 
5 2 3 A 6 4 
5 2 4 3 6 A 
5 2 4 3 A 6 
5 2 4 6 3 A 
5 2 4 6 A 3 
5 2 4 A 3 6 
5 2 4 A 6 3 
5 2 6 3 4 A 
5 2 6 3 A 4 
5 2 6 4 3 A 
5 2 6 4 A 3 
5 2 6 A 3 4 
5 2 6 A 4 3 
5 2 A 3 4 6 
5 2 A 3 6 4 
5 2 A 4 3 6 
5 2 A 4 6 3 
5 2 A 6 3 4 
5 2 A 6 4 3 
5 3 2 4 6 A 
5 3 2 4 A 6 
5 3 2 6 4 A 
5 3 2 6 A 4 
5 3 2 A 4 6 
5 3 2 A 6 4 
5 3 4 2 6 A 
5 3 4 2 A 6 
5 3 4 6 2 A 
5 3 4 6 A 2 
5 3 4 A 2 6 
5 3 4 A 6 2 
5 3 6 2 4 A 
5 3 6 2 A 4 
5 3 6 4 2 A 
5 3 6 4 A 2 
5 3 6 A 2 4 
5 3 6 A 4 2 
5 3 A 2 4 6 
5 3 A 2 6 4 
5 3 A 4 2 6 
5 3 A 4 6 2 
5 3 A 6 2 4 
5 3 A 6 4 2 
5 4 2 3 6 A 
5 4 2 3 A 6 
5 4 2 6 3 A 
5 4 2 6 A 3 
5 4 2 A 3 6 
5 4 2 A 6 3 
5 4 3 6 A 2 
5 4 3 A 2 6 
5 4 3 A 6 2 
5 4 6 2 3 A 
5 4 6 2 A 3 
5 4 6 3 A 2 
5 4 6 A 2 3 
5 4 6 A 3 2 
5 4 A 2 3 6 
5 4 A 2 6 3 
5 4 A 3 2 6 
5 4 A 3 6 2 
5 4 A 6 2 3 
5 4 A 6 3 2 
5 6 2 3 4 A 
5 6 2 3 A 4 
5 6 2 4 3 A 
5 6 2 4 A 3 
5 6 2 A 3 4 
5 6 2 A 4 3 
5 6 3 2 4 A 
5 6 3 2 A 4 
5 6 3 4 2 A 
5 6 3 4 A 2 
5 6 3 A 2 4 
5 6 3 A 4 2 
5 6 4 2 3 A 
5 6 4 2 A 3 
5 6 4 3 A 2 
5 6 4 A 2 3 
5 6 4 A 3 2 
5 6 A 2 3 4 
5 6 A 2 4 3 
5 6 A 3 2 4 
5 6 A 3 4 2 
5 6 A 4 2 3 
5 6 A 4 3 2 
5 A 2 3 4 6 
5 A 2 3 6 4 
5 A 2 4 3 6 
5 A 2 4 6 3 
5 A 2 6 3 4 
5 A 2 6 4 3 
5 A 3 2 4 6 
5 A 3 2 6 4 
5 A 3 4 2 6 
5 A 3 4 6 2 
5 A 3 6 2 4 
5 A 3 6 4 2 
5 A 4 2 3 6 
5 A 4 2 6 3 
5 A 4 3 2 6 
5 A 4 3 6 2 
5 A 4 6 2 3 
5 A 4 6 3 2 
5 A 6 2 3 4 
5 A 6 2 4 3 
5 A 6 3 2 4 
5 A 6 3 4 2 
5 A 6 4 2 3 
5 A 6 4 3 2 
6 2 3 4 5 A 
6 2 3 4 A 5 
6 2 3 5 4 A 
6 2 3 5 A 4 
6 2 3 A 4 5 
6 2 3 A 5 4 
6 2 4 3 5 A 
6 2 4 3 A 5 
6 2 4 5 3 A 
6 2 4 5 A 3 
6 2 4 A 3 5 
6 2 4 A 5 3 
6 2 5 3 4 A 
6 2 5 3 A 4 
6 2 5 A 3 4 
6 2 A 3 4 5 
6 2 A 3 5 4 
6 2 A 4 3 5 
6 2 A 4 5 3 
6 2 A 5 3 4 
6 3 2 4 5 A 
6 3 2 4 A 5 
6 3 2 A 4 5 
6 3 4 2 5 A 
6 3 4 2 A 5 
6 3 4 5 2 A 
6 3 4 5 A 2 
6 3 4 A 2 5 
6 3 4 A 5 2 
6 3 5 4 A 2 
6 3 5 A 2 4 
6 3 5 A 4 2 
6 3 A 2 4 5 
6 3 A 2 5 4 
6 3 A 4 2 5 
6 3 A 4 5 2 
6 3 A 5 2 4 
6 3 A 5 4 2 
6 4 2 3 5 A 
6 4 2 3 A 5 
6 4 2 5 3 A 
6 4 2 5 A 3 
6 4 2 A 3 5 
6 4 2 A 5 3 
6 4 3 5 A 2 
6 4 3 A 2 5 
6 4 3 A 5 2 
6 4 5 2 3 A 
6 4 5 2 A 3 
6 4 5 3 A 2 
6 4 5 A 2 3 
6 4 5 A 3 2 
6 4 A 2 3 5 
6 4 A 2 5 3 
6 4 A 3 2 5 
6 4 A 3 5 2 
6 4 A 5 2 3 
6 4 A 5 3 2 
6 5 2 3 4 A 
6 5 2 3 A 4 
6 5 2 A 3 4 
6 5 3 4 A 2 
6 5 3 A 2 4 
6 5 3 A 4 2 
6 5 4 A 2 3 
6 5 A 2 3 4 
6 5 A 2 4 3 
6 5 A 3 2 4 
6 5 A 3 4 2 
6 5 A 4 2 3 
6 A 2 3 4 5 
6 A 2 3 5 4 
6 A 2 4 3 5 
6 A 2 4 5 3 
6 A 2 5 3 4 
6 A 2 5 4 3 
6 A 3 2 4 5 
6 A 3 2 5 4 
6 A 3 4 2 5 
6 A 3 4 5 2 
6 A 3 5 2 4 
6 A 3 5 4 2 
6 A 4 2 3 5 
6 A 4 2 5 3 
6 A 4 3 2 5 
6 A 4 3 5 2 
6 A 4 5 2 3 
6 A 4 5 3 2 
6 A 5 2 3 4 
6 A 5 2 4 3 
6 A 5 3 2 4 
6 A 5 3 4 2 
6 A 5 4 2 3 
A 2 3 4 5 6 
A 2 3 4 6 5 
A 2 3 5 4 6 
A 2 3 5 6 4 
A 2 3 6 4 5 
A 2 3 6 5 4 
A 2 4 3 5 6 
A 2 4 3 6 5 
A 2 4 5 3 6 
A 2 4 5 6 3 
A 2 4 6 3 5 
A 2 4 6 5 3 
A 2 5 3 4 6 
A 2 5 3 6 4 
A 2 5 4 3 6 
A 2 5 4 6 3 
A 2 5 6 3 4 
A 2 5 6 4 3 
A 2 6 3 4 5 
A 2 6 3 5 4 
A 2 6 4 3 5 
A 2 6 4 5 3 
A 2 6 5 3 4 
A 2 6 5 4 3 
A 3 2 4 5 6 
A 3 2 4 6 5 
A 3 2 5 4 6 
A 3 2 5 6 4 
A 3 2 6 4 5 
A 3 2 6 5 4 
A 3 4 2 5 6 
A 3 4 2 6 5 
A 3 4 5 2 6 
A 3 4 5 6 2 
A 3 4 6 2 5 
A 3 4 6 5 2 
A 3 5 2 4 6 
A 3 5 2 6 4 
A 3 5 4 2 6 
A 3 5 4 6 2 
A 3 5 6 2 4 
A 3 5 6 4 2 
A 3 6 2 4 5 
A 3 6 2 5 4 
A 3 6 4 2 5 
A 3 6 4 5 2 
A 3 6 5 2 4 
A 3 6 5 4 2 
A 4 2 3 5 6 
A 4 2 3 6 5 
A 4 2 5 3 6 
A 4 2 5 6 3 
A 4 2 6 3 5 
A 4 2 6 5 3 
A 4 3 2 5 6 
A 4 3 2 6 5 
A 4 3 5 2 6 
A 4 3 5 6 2 
A 4 3 6 2 5 
A 4 3 6 5 2 
A 4 5 2 3 6 
A 4 5 2 6 3 
A 4 5 3 2 6 
A 4 5 3 6 2 
A 4 5 6 2 3 
A 4 5 6 3 2 
A 4 6 2 3 5 
A 4 6 2 5 3 
A 4 6 3 2 5 
A 4 6 3 5 2 
A 4 6 5 2 3 
A 4 6 5 3 2 
A 5 2 3 4 6 
A 5 2 3 6 4 
A 5 2 4 3 6 
A 5 2 4 6 3 
A 5 2 6 3 4 
A 5 2 6 4 3 
A 5 3 2 4 6 
A 5 3 2 6 4 
A 5 3 4 2 6 
A 5 3 4 6 2 
A 5 3 6 2 4 
A 5 3 6 4 2 
A 5 4 2 3 6 
A 5 4 2 6 3 
A 5 4 3 2 6 
A 5 4 3 6 2 
A 5 4 6 2 3 
A 5 4 6 3 2 
A 5 6 2 3 4 
A 5 6 2 4 3 
A 5 6 3 2 4 
A 5 6 3 4 2 
A 5 6 4 2 3 
A 5 6 4 3 2 
A 6 2 3 4 5 
A 6 2 3 5 4 
A 6 2 4 3 5 
A 6 2 4 5 3 
A 6 2 5 3 4 
A 6 2 5 4 3 
A 6 3 2 4 5 
A 6 3 2 5 4 
A 6 3 4 2 5 
A 6 3 4 5 2 
A 6 3 5 2 4 
A 6 3 5 4 2 
A 6 4 2 3 5 
A 6 4 2 5 3 
A 6 4 3 2 5 
A 6 4 3 5 2 
A 6 4 5 2 3 
A 6 4 5 3 2 
A 6 5 2 3 4 
A 6 5 2 4 3 
A 6 5 3 2 4 
A 6 5 3 4 2 
A 6 5 4 2 3 
