2 3 4 5 A 
2 3 4 A 5 
2 3 5 4 A 
2 3 5 A 4 
2 3 A 4 5 
2 3 A 5 4 
2 4 3 5 A 
2 4 3 A 5 
2 4 5 3 A 
2 4 5 A 3 
2 4 A 3 5 
2 4 A 5 3 
2 5 3 4 A 
2 5 3 A 4 
2 5 4 3 A 
2 5 4 A 3 
2 5 A 3 4 
2 5 A 4 3 
2 A 3 4 5 
2 A 3 5 4 
2 A 4 3 5 
2 A 4 5 3 
2 A 5 3 4 
2 A 5 4 3 
3 2 4 5 A 
3 2 4 A 5 
3 2 5 4 A 
3 2 5 A 4 
3 2 A 4 5 
3 2 A 5 4 
3 4 2 5 A 
3 4 2 A 5 
3 4 5 2 A 
3 4 5 A 2 
3 4 A 2 5 
3 4 A 5 2 
3 5 2 4 A 
3 5 2 A 4 
3 5 4 2 A 
3 5 4 A 2 
3 5 A 2 4 
3 5 A 4 2 
3 A 2 4 5 
3 A 2 5 4 
3 A 4 2 5 
3 A 4 5 2 
3 A 5 2 4 
3 A 5 4 2 
4 2 3 5 A 
4 2 3 A 5 
4 2 5 3 A 
4 2 5 A 3 
4 2 A 3 5 
4 2 A 5 3 
4 3 2 5 A 
4 3 2 A 5 
4 3 5 2 A 
4 3 5 A 2 
4 3 A 2 5 
4 3 A 5 2 
4 5 2 3 A 
4 5 2 A 3 
4 5 3 2 A 
4 5 3 A 2 
4 5 A 2 3 
4 5 A 3 2 
4 A 2 3 5 
4 A 2 5 3 
4 A 3 2 5 
4 A 3 5 2 
4 A 5 2 3 
4 A 5 3 2 
5 2 3 4 A 
5 2 3 A 4 
5 2 4 3 A 
5 2 4 A 3 
5 2 A 3 4 
5 2 A 4 3 
5 3 2 4 A 
5 3 2 A 4 
5 3 4 2 A 
5 3 4 A 2 
5 3 A 2 4 
5 3 A 4 2 
5 4 2 3 A 
5 4 2 A 3 
5 4 3 A 2 
5 4 A 2 3 
5 4 A 3 2 
5 A 2 3 4 
5 A 2 4 3 
5 A 3 2 4 
5 A 3 4 2 
5 A 4 2 3 
5 A 4 3 2 
A 2 3 4 5 
A 2 3 5 4 
A 2 4 3 5 
A 2 4 5 3 
A 2 5 3 4 
A 2 5 4 3 
A 3 2 4 5 
A 3 2 5 4 
A 3 4 2 5 
A 3 4 5 2 
A 3 5 2 4 
A 3 5 4 2 
A 4 2 3 5 
A 4 2 5 3 
A 4 3 2 5 
A 4 3 5 2 
A 4 5 2 3 
A 4 5 3 2 
A 5 2 3 4 
A 5 2 4 3 
A 5 3 2 4 
A 5 3 4 2 
A 5 4 2 3 
A 5 4 3 2 
