The file has 1000 integers
2000
2007
2013
2034
2042
2043
2046
2052
2058
2061
2063
2064
2068
2073
2082
2086
2092
2093
2095
2096
2103
2107
2111
2116
2122
2123
2124
2125
2130
2138
2144
2145
2148
2153
2154
2155
2157
2165
2172
2177
2182
2184
2188
2190
2192
2196
2208
2210
2212
2213
2223
2226
2228
2233
2234
2238
2239
2241
2242
2243
2246
2250
2256
2264
2267
2273
2277
2280
2281
2282
2284
2286
2287
2290
2291
2293
2295
2297
2316
2324
2327
2336
2341
2342
2349
2352
2355
2362
2365
2366
2367
2370
2371
2373
2376
2381
2383
2386
2388
2392
2402
2406
2408
2420
2427
2430
2434
2438
2440
2447
2450
2461
2462
2465
2469
2470
2485
2488
2489
2491
2496
2506
2507
2510
2513
2514
2520
2525
2527
2531
2535
2537
2543
2546
2553
2557
2558
2559
2563
2570
2573
2576
2579
2580
2583
2584
2588
2602
2609
2610
2611
2621
2622
2625
2632
2639
2640
2642
2643
2645
2664
2665
2667
2670
2673
2677
2680
2681
2684
2686
2688
2699
2700
2705
2707
2708
2712
2716
2718
2721
2722
2723
2727
2728
2740
2741
2745
2751
2753
2754
2755
2761
2770
2773
2779
2792
2794
2802
2804
2805
2810
2812
2820
2824
2835
2837
2840
2843
2850
2857
2861
2863
2867
2869
2870
2874
2879
2891
2901
2902
2903
2908
2912
2928
2933
2942
2945
2947
2948
2949
2950
2953
2954
2958
2960
2968
2970
2972
2973
2974
2975
2983
2986
2995
2998
3002
3003
3008
3009
3013
3019
3023
3024
3030
3033
3038
3049
3050
3053
3054
3061
3064
3065
3070
3072
3073
3075
3085
3092
3095
3097
3099
3101
3103
3106
3110
3112
3114
3121
3124
3126
3129
3134
3138
3142
3144
3147
3149
3150
3151
3153
3154
3157
3160
3161
3168
3172
3173
3176
3177
3183
3184
3187
3189
3195
3196
3197
3201
3202
3205
3212
3217
3219
3220
3222
3224
3225
3227
3233
3235
3244
3247
3251
3253
3255
3258
3260
3262
3263
3275
3276
3278
3285
3288
3291
3295
3296
3297
3301
3303
3306
3308
3322
3328
3329
3331
3338
3340
3341
3350
3352
3355
3357
3358
3362
3367
3368
3376
3377
3378
3383
3386
3387
3390
3394
3401
3408
3411
3413
3419
3427
3434
3441
3442
3443
3448
3450
3456
3458
3468
3470
3479
3487
3492
3493
3494
3495
3497
3501
3502
3505
3506
3513
3518
3520
3523
3532
3534
3537
3540
3548
3556
3558
3562
3564
3565
3566
3575
3583
3586
3592
3594
3607
3621
3627
3644
3646
3654
3657
3664
3668
3670
3672
3689
3690
3691
3695
3698
3700
3707
3710
3712
3715
3716
3717
3720
3721
3722
3725
3726
3731
3733
3734
3737
3746
3751
3754
3760
3762
3770
3773
3779
3780
3783
3786
3805
3808
3817
3822
3824
3831
3839
3840
3844
3845
3855
3856
3858
3862
3863
3876
3878
3880
3888
3891
3921
3925
3926
3929
3930
3945
3947
3949
3956
3959
3962
3967
3974
3975
3977
3980
3999
4007
4009
4026
4030
4031
4032
4035
4039
4041
4044
4049
4057
4061
4063
4065
4071
4073
4074
4080
4083
4084
4094
4107
4110
4111
4112
4113
4117
4119
4123
4130
4133
4141
4145
4154
4157
4158
4160
4162
4164
4167
4174
4177
4180
4188
4192
4193
4194
4201
4203
4207
4209
4210
4221
4223
4226
4235
4236
4237
4239
4245
4248
4252
4255
4260
4263
4264
4266
4267
4268
4269
4272
4273
4280
4281
4285
4288
4290
4292
4294
4296
4300
4305
4309
4319
4333
4339
4353
4361
4365
4376
4384
4388
4395
4396
4400
4407
4412
4413
4419
4420
4422
4423
4424
4429
4431
4441
4442
4443
4449
4458
4459
4461
4464
4473
4478
4479
4480
4482
4484
4485
4488
4492
4496
4500
4524
4525
4528
4529
4531
4537
4539
4543
4545
4550
4558
4560
4563
4569
4572
4579
4588
4598
4607
4610
4611
4616
4618
4623
4628
4634
4637
4639
4642
4644
4646
4652
4653
4657
4662
4666
4672
4674
4676
4677
4680
4683
4688
4692
4693
4694
4695
4702
4704
4705
4709
4711
4716
4722
4733
4734
4737
4749
4754
4764
4765
4768
4769
4771
4773
4779
4781
4786
4788
4789
4791
4793
4796
4810
4812
4817
4819
4822
4827
4833
4838
4843
4849
4851
4852
4853
4854
4855
4857
4861
4868
4870
4876
4878
4879
4887
4888
4889
4900
4905
4909
4911
4918
4920
4928
4935
4941
4946
4951
4959
4960
4961
4971
4976
4980
4988
4991
4993
4994
4998
4999
5008
5012
5015
5017
5018
5022
5024
5026
5028
5031
5034
5038
5039
5044
5053
5055
5058
5061
5080
5081
5082
5085
5088
5095
5096
5099
5102
5107
5109
5112
5115
5116
5118
5120
5125
5133
5140
5143
5145
5151
5157
5159
5162
5163
5166
5171
5173
5176
5180
5190
5193
5194
5196
5206
5207
5210
5211
5222
5239
5243
5248
5251
5260
5261
5269
5275
5276
5280
5281
5286
5288
5290
5292
5301
5302
5305
5313
5316
5317
5318
5321
5322
5324
5327
5329
5333
5338
5342
5348
5351
5353
5355
5359
5373
5375
5378
5387
5388
5390
5401
5403
5406
5407
5409
5412
5413
5414
5421
5431
5433
5436
5438
5439
5441
5442
5446
5447
5448
5449
5457
5459
5460
5464
5466
5474
5478
5479
5481
5484
5487
5489
5492
5497
5499
5500
5505
5507
5510
5511
5512
5513
5514
5516
5521
5528
5534
5537
5542
5549
5550
5557
5558
5560
5564
5567
5571
5575
5577
5582
5588
5590
5593
5605
5607
5610
5611
5615
5616
5617
5621
5624
5626
5632
5647
5648
5651
5653
5657
5663
5664
5669
5682
5683
5685
5693
5696
5702
5707
5709
5711
5712
5713
5720
5721
5722
5735
5743
5745
5750
5769
5771
5774
5776
5780
5786
5790
5793
5795
5796
5800
5801
5806
5807
5810
5812
5813
5816
5820
5821
5830
5835
5843
5855
5858
5863
5864
5865
5866
5867
5870
5879
5892
5894
5897
5898
5903
5909
5915
5916
5917
5920
5922
5926
5929
5931
5933
5935
5943
5944
5945
5946
5949
5952
5953
5964
5968
5976
5980
5983
5987
5988
5994
