The file has 1000 integers
1005
1011
1017
1018
1040
1045
1062
1063
1068
1072
1076
1079
1080
1081
1093
1095
1112
1115
1136
1142
1151
1158
1164
1178
1191
1198
1214
1215
1229
1245
1246
1263
1264
1265
1279
1298
1301
1303
1308
1330
1334
1342
1343
1344
1348
1352
1373
1376
1385
1386
1396
1400
1409
1422
1425
1435
1440
1453
1458
1459
1460
1470
1476
1478
1484
1495
1519
1525
1528
1529
1552
1575
1603
1611
1620
1636
1649
1652
1668
1685
1686
1695
1697
1698
1704
1709
1717
1724
1732
1740
1743
1751
1758
1767
1774
1781
1805
1823
1838
1844
1855
1883
1894
1896
1902
1913
1929
1942
1946
1960
1964
1966
1967
1978
1983
1985
2002
2017
2045
2054
2116
2140
2141
2150
2153
2156
2161
2169
2173
2183
2188
2192
2196
2200
2233
2250
2256
2269
2271
2273
2295
2309
2317
2319
2328
2330
2344
2345
2346
2363
2379
2382
2467
2473
2474
2483
2490
2495
2499
2516
2519
2528
2533
2534
2535
2547
2555
2561
2563
2577
2590
2609
2639
2641
2652
2653
2656
2661
2668
2673
2681
2692
2704
2711
2713
2724
2727
2728
2764
2767
2779
2781
2784
2785
2796
2807
2811
2813
2816
2830
2838
2841
2847
2865
2871
2874
2877
2880
2884
2898
2899
2902
2908
2917
2919
2925
2939
2947
2951
2963
2969
2970
2982
2986
2993
3013
3027
3031
3039
3055
3061
3063
3068
3069
3074
3080
3091
3094
3098
3115
3125
3131
3148
3155
3157
3185
3192
3193
3197
3201
3203
3204
3208
3218
3220
3236
3237
3261
3282
3286
3325
3330
3347
3348
3354
3359
3365
3369
3376
3379
3396
3400
3405
3408
3413
3437
3439
3440
3445
3453
3458
3460
3461
3472
3486
3490
3500
3525
3528
3535
3540
3557
3571
3579
3588
3590
3600
3635
3645
3646
3660
3669
3674
3686
3694
3695
3702
3716
3754
3756
3757
3767
3773
3782
3784
3810
3816
3817
3835
3842
3845
3869
3871
3882
3884
3886
3890
3897
3929
3946
3947
3968
3970
3982
3989
3993
4017
4019
4032
4033
4034
4051
4055
4061
4072
4081
4082
4087
4096
4102
4103
4106
4111
4124
4127
4146
4149
4159
4174
4178
4200
4246
4248
4251
4253
4263
4265
4295
4299
4315
4320
4322
4333
4334
4344
4355
4361
4365
4372
4374
4378
4408
4412
4445
4446
4454
4468
4469
4470
4476
4497
4503
4511
4512
4519
4520
4525
4527
4540
4554
4578
4580
4587
4624
4627
4630
4635
4637
4645
4657
4669
4670
4671
4677
4696
4700
4701
4733
4735
4772
4774
4790
4791
4799
4808
4817
4821
4830
4843
4854
4876
4891
4899
4900
4910
4915
4925
4930
4935
4940
4954
4982
4983
4986
4991
4999
5001
5019
5024
5041
5057
5069
5074
5084
5091
5092
5111
5112
5117
5123
5126
5138
5141
5142
5173
5186
5199
5208
5236
5245
5279
5287
5312
5319
5326
5327
5346
5347
5362
5365
5376
5377
5382
5410
5411
5439
5463
5475
5479
5484
5495
5501
5504
5513
5517
5535
5540
5548
5554
5575
5602
5614
5626
5634
5667
5671
5673
5682
5690
5693
5719
5727
5736
5743
5750
5767
5772
5777
5778
5808
5821
5823
5832
5858
5862
5874
5876
5897
5902
5905
5917
5921
5924
5928
5930
5948
5959
5961
5962
5967
5972
5974
5975
5978
5980
5985
5986
5988
5992
5995
6001
6002
6008
6013
6015
6022
6033
6035
6044
6066
6073
6076
6088
6090
6095
6097
6103
6110
6119
6120
6128
6166
6168
6175
6184
6187
6203
6211
6218
6223
6239
6250
6252
6255
6257
6258
6279
6280
6290
6294
6295
6298
6308
6314
6319
6325
6328
6332
6333
6351
6364
6365
6397
6399
6402
6406
6407
6419
6420
6426
6427
6429
6436
6447
6465
6467
6472
6473
6488
6496
6505
6512
6513
6516
6517
6527
6535
6536
6547
6553
6569
6572
6580
6599
6600
6601
6602
6610
6616
6624
6633
6669
6678
6693
6700
6701
6718
6719
6720
6721
6725
6733
6736
6749
6756
6761
6770
6778
6783
6788
6815
6825
6836
6837
6847
6858
6869
6883
6901
6911
6929
6937
6982
6994
7014
7019
7054
7072
7106
7113
7115
7119
7126
7135
7145
7153
7167
7185
7194
7195
7196
7223
7231
7263
7270
7277
7283
7287
7293
7294
7303
7315
7320
7368
7370
7372
7382
7406
7421
7424
7426
7431
7458
7461
7475
7477
7481
7485
7488
7495
7505
7506
7517
7528
7547
7561
7564
7575
7579
7580
7581
7585
7608
7635
7641
7650
7670
7681
7693
7701
7731
7738
7742
7760
7764
7770
7785
7786
7787
7810
7821
7846
7880
7895
7901
7906
7911
7920
7952
7958
7981
7990
7992
7996
8015
8017
8021
8027
8032
8033
8041
8048
8051
8060
8068
8070
8079
8099
8122
8123
8131
8136
8141
8148
8150
8165
8198
8207
8220
8222
8231
8247
8286
8291
8310
8317
8320
8321
8322
8329
8334
8352
8354
8356
8358
8367
8377
8379
8386
8392
8393
8420
8439
8459
8479
8492
8498
8500
8502
8525
8532
8533
8541
8544
8545
8546
8560
8563
8565
8577
8580
8582
8586
8589
8593
8597
8603
8612
8613
8642
8646
8649
8656
8671
8677
8679
8680
8697
8717
8719
8723
8726
8727
8733
8750
8756
8762
8776
8785
8786
8788
8799
8808
8814
8815
8823
8829
8837
8845
8851
8857
8858
8867
8869
8879
8886
8887
8889
8899
8906
8930
8953
8977
8980
8995
8999
9001
9037
9042
9043
9044
9058
9061
9083
9090
9093
9097
9107
9109
9123
9127
9129
9131
9136
9140
9166
9191
9202
9211
9215
9216
9217
9220
9221
9226
9228
9237
9240
9243
9264
9283
9290
9296
9301
9308
9309
9311
9314
9339
9359
9367
9368
9370
9373
9384
9385
9398
9402
9405
9426
9429
9431
9435
9441
9452
9458
9477
9493
9502
9509
9520
9532
9545
9549
9561
9564
9587
9588
9592
9599
9607
9616
9620
9639
9643
9652
9655
9677
9700
9701
9721
9736
9754
9765
9768
9777
9785
9789
9823
9833
9852
9858
9859
9861
9865
9873
9877
9887
9890
9918
9920
9940
9961
9963
9966
9968
9975
9978
9985
9994
