  -1   -1   -1   -1   -1   -1   -1   -1   55   -1   -1   -1   -1   -1   -1   -1 
  -1   -1    6    5    4    3    2   -1   54   55   56   57   58   -1   -1   -1 
  -1   -1    7   -1   -1   -1    1   -1   53   -1   -1   -1   -1   -1   -1   -1 
  -1   -1    8    9   10   -1    0   -1   52   -1   46   45   44   45   -1   -1 
  -1   -1   -1   -1   11   -1   -1   -1   51   -1   47   -1   43   -1   -1   -1 
  -1   -1   36   -1   12   13   14   -1   50   49   48   -1   42   -1   -1   -1 
  -1   -1   35   -1   -1   14   15   -1   -1   -1   -1   -1   41   -1   -1   -1 
  -1   -1   34   -1   16   15   16   -1   36   37   38   39   40   -1   -1   -1 
  -1   -1   33   -1   17   -1   -1   -1   35   -1   -1   -1   41   -1   -1   -1 
  -1   -1   32   -1   18   19   20   -1   34   33   32   -1   42   -1   -1   -1 
  -1   -1   31   -1   -1   -1   21   -1   -1   -1   31   -1   43   -1   -1   -1 
  -1   -1   30   31   32   -1   22   -1   28   29   30   -1   44   -1   -1   -1 
  -1   30   29   -1   -1   -1   23   -1   27   -1   -1   -1   45   -1   -1   -1 
  -1   -1   28   27   26   25   24   25   26   -1   48   47   46   -1  241   -1 
  -1   -1   -1   -1   -1   -1   -1   -1   -1   -1   -1   -1   -1   -1   -1   -1 
