  -1   -1   -1   -1   -1   -1   -1   -1   -1   -1   47   -1   -1   -1   -1   -1   -1   -1   -1   -1 
  -1   -1   38   37   36   37   38   39   40   -1   46   -1    0   -1   46   47   48   -1   -1   -1 
  -1   -1   -1   -1   35   -1   -1   -1   41   -1   45   -1    1   -1   45   -1   -1   -1   -1   -1 
  -1   -1   32   33   34   -1   44   43   42   43   44   -1    2   -1   44   43   42   -1   -1   -1 
  -1   -1   31   -1   -1   -1   -1   -1   -1   -1   45   -1    3   -1   -1   -1   41   -1   -1   -1 
  -1   -1   30   29   28   -1   18   17   16   -1   46   -1    4    5    6   -1   40   -1   -1   -1 
  -1   30   29   -1   27   -1   19   -1   15   -1   -1   -1   -1   -1    7   -1   39   -1   -1   -1 
  -1   -1   28   -1   26   -1   20   -1   14   13   12   11   10    9    8   -1   38   -1   -1   -1 
  -1   -1   27   26   25   -1   21   -1   -1   -1   -1   -1   -1   -1   -1   -1   37   -1   -1   -1 
  -1   -1   28   -1   24   23   22   23   24   25   26   27   28   -1   34   35   36   -1   -1   -1 
  -1   -1   29   -1   -1   -1   -1   -1   -1   -1   27   -1   29   -1   33   -1   37   -1   -1   -1 
  -1   -1   30   -1   36   37   38   39   40   -1   28   -1   30   31   32   -1   38   -1   -1   -1 
  -1   -1   31   -1   35   -1   -1   -1   41   -1   29   -1   -1   -1   -1   -1   -1   -1   -1   -1 
  -1   -1   32   33   34   -1   44   43   42   -1   30   31   32   33   34   35   36   -1   -1   -1 
  -1   -1   -1   -1   -1   -1   45   -1   -1   -1   -1   -1   -1   -1   -1   -1   37   -1   -1   -1 
  -1   -1   50   49   48   47   46   47   46   45   44   43   42   41   40   39   38   -1   -1   -1 
  -1   -1   -1   -1   -1   -1   -1   -1   -1   -1   -1   -1   -1   -1   -1   -1   -1   -1   -1   -1 
