  -1   -1   -1   -1   -1   -1   -1   -1   -1   -1   15   -1   -1   -1   -1   -1   -1   -1   -1   -1   -1   -1 
  -1   -1   14   13   12   -1   10   11   12   13   14   15   16   -1   22   23   24   25   26   -1  507   -1 
  -1   -1   13   -1   11   10    9   -1   13   -1   15   -1   17   -1   21   -1   -1   -1   27   -1   -1   -1 
  -1   -1   12   11   10   -1    8   -1   14   15   16   -1   18   19   20   -1   20   -1   28   -1   -1   -1 
  -1   -1   -1   -1    9    8    7    8   -1   14   -1   -1   -1   -1   -1   -1   19   -1   29   -1   -1   -1 
  -1   -1    6    7    8   -1    6   -1   14   13   12   13   14   15   16   17   18   -1   30   -1   -1   -1 
  -1   -1    5   -1   -1   -1    5   -1   -1   -1   11   -1   15   -1   -1   -1   -1   -1   29   30   -1   -1 
  -1   -1    4    3    2    3    4   -1    8    9   10   -1   16   -1   24   25   26   27   28   -1   -1   -1 
  -1   -1    5   -1    1    2    3   -1    7   -1   -1   -1   -1   -1   23   -1   -1   -1   29   -1   -1   -1 
  -1   -1    6   -1    0   -1    4    5    6   -1   18   19   20   21   22   -1   32   31   30   -1  507   -1 
  -1   -1   -1   -1    1   -1   -1   -1   -1   -1   17   -1   -1   22   -1   -1   33   32   -1   -1   -1   -1 
  -1   -1    4    3    2   -1   12   13   14   15   16   -1   24   23   24   -1   34   33   34   -1   -1   -1 
  -1   -1    5   -1   -1   10   11   -1   -1   -1   -1   -1   25   -1   25   -1   -1   -1   35   -1   -1   -1 
  -1   -1    6    7    8    9   10   -1   30   29   28   27   26   -1   26   -1   32   -1   36   37   -1   -1 
  -1   -1   -1   -1   -1   -1   -1   -1   31   -1   29   -1   -1   -1   27   -1   31   -1   37   -1   -1   -1 
  -1   -1   38   37   36   35   34   33   32   -1   30   -1   38   -1   28   29   30   -1   38   -1   -1   -1 
  -1   -1   39   -1   37   36   -1   -1   -1   -1   31   -1   37   -1   -1   -1   31   -1   39   -1  507   -1 
  -1   41   40   -1   38   37   38   39   40   -1   32   -1   36   35   34   33   32   -1   40   -1   -1   -1 
  -1   -1   41   -1   -1   -1   -1   -1   41   -1   33   -1   37   -1   -1   34   -1   -1   39   -1   -1   -1 
  -1   43   42   43   44   -1   44   43   42   -1   34   -1   38   -1   36   35   36   37   38   -1   -1   -1 
  -1   -1   43   -1   45   -1   45   -1   -1   -1   35   -1   -1   -1   37   -1   -1   -1   -1   -1  507   -1 
  -1   -1   44   -1   46   47   46   47   48   -1   36   37   38   39   38   39   40   41   42   -1   -1   -1 
  -1   -1   -1   -1   -1   -1   -1   -1   -1   -1   -1   -1   -1   -1   -1   -1   -1   -1   -1   -1   -1   -1 
