  -1   -1   -1   -1   -1   -1   -1   -1   39   -1   -1   -1   -1   -1   -1   -1 
  -1   -1    6    5    4    3    2   -1   38   37   36   37   38   -1   -1   -1 
  -1   -1    7   -1   -1   -1    1   -1   39   -1   35   -1   -1   -1   -1   -1 
  -1   -1    8    9   10   -1    0   -1   40   -1   34   33   32   33   -1   -1 
  -1   -1   -1   10   11   -1   -1   40   39   -1   35   -1   31   -1   -1   -1 
  -1   -1   36   -1   12   13   14   -1   38   37   36   -1   30   -1   -1   -1 
  -1   -1   35   -1   -1   14   15   -1   -1   -1   -1   -1   29   -1   -1   -1 
  -1   -1   34   -1   16   15   16   -1   24   25   26   27   28   -1   -1   -1 
  -1   34   33   -1   17   -1   -1   -1   23   -1   -1   -1   29   -1   -1   -1 
  -1   -1   32   -1   18   19   20   21   22   23   24   -1   28   -1   -1   -1 
  -1   -1   31   -1   -1   -1   21   -1   23   -1   25   26   27   -1  241   -1 
  -1   -1   30   31   32   -1   22   23   24   25   26   -1   28   -1   -1   -1 
  -1   -1   29   -1   -1   -1   23   -1   25   -1   -1   -1   29   -1   -1   -1 
  -1   -1   28   27   26   25   24   25   26   -1   32   31   30   -1   -1   -1 
  -1   -1   -1   -1   -1   -1   -1   -1   -1   -1   -1   -1   -1   -1   -1   -1 
