  -1   -1   -1   -1   -1   -1   -1   -1    5   -1   -1   -1   -1   -1   -1   -1 
  -1    7    6    5    4    3    2    3    4    5    6    7    8   -1   -1   -1 
  -1   -1    7   -1   -1   -1    1   -1    5   -1   -1   -1   -1   -1   -1   -1 
  -1   -1    8    7    6   -1    0   -1    6   -1    8    9   10   -1   -1   -1 
  -1   -1   -1   -1    5   -1    1   -1    5   -1    7   -1   11   -1   -1   -1 
  -1   -1   26   -1    4    3    2    3    4    5    6   -1   12   -1   -1   -1 
  -1   -1   25   -1   -1   -1    3   -1   -1   -1   -1   -1   13   -1   -1   -1 
  -1   -1   24   -1    6    5    4   -1   18   17   16   15   14   -1   -1   -1 
  -1   -1   23   -1    7   -1   -1   -1   19   18   17   -1   15   -1   -1   -1 
  -1   -1   22   -1    8    9   10   -1   20   19   18   -1   16   -1   -1   -1 
  -1   -1   21   -1   -1   -1   11   12   -1   -1   17   18   17   -1   -1   -1 
  -1   -1   20   19   18   -1   12   13   14   15   16   -1   18   19   -1   -1 
  -1   -1   19   -1   17   -1   13   -1   15   -1   -1   -1   19   20   -1   -1 
  -1   -1   18   17   16   15   14   15   16   -1   22   21   20   21   -1   -1 
  -1   -1   -1   -1   -1   -1   -1   -1   -1   -1   -1   -1   -1   -1   -1   -1 
