  -1   -1   -1   -1   -1   -1   -1   -1   -1   -1   -1    4   -1   -1   -1   -1   -1   -1   -1   -1   -1   -1   -1   -1 
  -1   -1   94   95   96   97   98   -1    0    1    2    3    4   -1  130  129  128  129  130  131  132   -1   -1   -1 
  -1   -1   93   -1   -1   -1   -1   -1   -1   -1   -1   -1    5   -1   -1   -1  127   -1   -1   -1  133   -1   -1   -1 
  -1   -1   92   -1   22   21   20   19   18   19   20   -1    6   -1  124  125  126   -1  140   -1  134   -1   -1   -1 
  -1   -1   91   -1   23   -1   -1   -1   17   -1   21   -1    7   -1  123   -1   -1   -1  139   -1  135   -1   -1   -1 
  -1   -1   90   -1   24   25   26   -1   16   -1   22   -1    8   -1  122  121  120   -1  138  137  136   -1   -1   -1 
  -1   -1   89   -1   -1   -1   27   -1   15   -1   -1   -1    9   -1  123   -1  119   -1  139   -1   -1   -1   -1   -1 
  -1   -1   88   87   86   -1   28   -1   14   13   12   11   10   -1  124   -1  118   -1  140  141  142   -1   -1   -1 
  -1   -1   89   -1   85   -1   29   -1   -1   -1   -1   -1   -1   -1   -1   -1  117   -1   -1   -1  143   -1   -1   -1 
  -1   -1   90   -1   84   -1   30   31   32   -1  114  113  112  113  114  115  116   -1  178   -1  144   -1   -1   -1 
  -1   -1   91   -1   83   -1   -1   -1   33   -1   -1   -1  111   -1   -1   -1   -1   -1  177   -1  145   -1   -1   -1 
  -1   -1   92   -1   82   83   84   -1   34   35   36   -1  110  109  108   -1  174  175  176   -1  146   -1   -1   -1 
  -1   -1   -1   -1   81   -1   -1   -1   -1   -1   37   -1   -1   -1  107   -1  173   -1  177   -1  147   -1   -1   -1 
  -1   -1   78   79   80   -1   42   41   40   39   38   -1  104  105  106   -1  172   -1  178   -1  148   -1   -1   -1 
  -1   -1   77   -1   -1   -1   43   -1   -1   -1   -1   -1  103   -1   -1   -1  171   -1  179   -1  149   -1   -1   -1 
  -1   -1   76   75   74   -1   44   45   46   -1  100  101  102   -1  168  169  170   -1  180   -1  150   -1   -1   -1 
  -1   -1   -1   -1   73   -1   -1   -1   47   -1   99   -1   -1   -1  167   -1   -1   -1   -1   -1  151   -1   -1   -1 
  -1   -1   70   71   72   73   74   -1   48   -1   98   97   96   -1  166   -1  160  159  158   -1  152   -1   -1   -1 
  -1   -1   69   -1   -1   -1   -1   -1   49   -1   99   -1   95   -1  165   -1  161   -1  157   -1  153   -1   -1   -1 
  -1   -1   68   -1   62   61   60   -1   50   -1  100   -1   94   -1  164  163  162   -1  156  155  154   -1   -1   -1 
  -1   -1   67   -1   63   -1   59   -1   51   -1  101   -1   93   -1   -1   -1  163   -1   -1   -1   -1   -1   -1   -1 
  -1   -1   66   65   64   -1   58   -1   52   -1  102   -1   92   91   90   -1  164   -1  182  181  180   -1   -1   -1 
  -1   -1   67   -1   -1   -1   57   -1   53   -1   -1   -1   -1   -1   89   -1  165   -1   -1   -1  179   -1   -1   -1 
  -1   -1   68   69   70   -1   56   55   54   -1   84   85   86   87   88   -1  166  167  168   -1  178   -1   -1   -1 
  -1   -1   -1   -1   71   -1   -1   -1   -1   -1   83   -1   -1   -1   -1   -1   -1   -1  169   -1  177   -1   -1   -1 
  -1   -1   78   -1   72   -1   86   85   84   83   82   -1  180  181  182  183  184   -1  170   -1  176   -1   -1   -1 
  -1   -1   77   -1   73   -1   -1   -1   -1   -1   81   -1  179   -1   -1   -1   -1   -1  171   -1  175   -1   -1   -1 
  -1   -1   76   75   74   75   76   77   78   79   80   -1  178  177  176  175  174  173  172  173  174   -1   -1   -1 
  -1   -1   -1   -1   -1   -1   -1   -1   -1   -1   -1   -1   -1   -1   -1   -1   -1   -1   -1   -1   -1   -1   -1   -1 
